camera_matrix:
   rows: 3
   cols: 3
   dt: d
   data: [ 1.028194784509569e+03, 0., 6.389418662061797e+02,
           0., 1.030528273448112e+03, 3.703943587716738e+02,
           0., 0., 1. ]

dist_coeff:
   rows: 1
   cols: 4
   dt: d
   data: [-0.023926760284784, 0.014863971018573, 0., 0. ]
